100353
100354
100355
100356
100360
100361
100364
100368
100370
100372
100373
100374
100375
100376
100377
100378
100379
100380
100381
100382
100383
100384
100385
100386
100387
100388
100389
100390
100391
100392
100393
100394
100395
100396
100397
100398
100399
100400
100401
100403
100404
100405
100406
100407
100408
100409
100410
100411
100412
100414
100415
100416
100417
100418
100419
100420
100421
100422
100423
100424
100425
100426
100429
100430
100431
100432
100433
100434
100435
100438
100440
100441
100442
100443
100444
100445
100446
100447
100448
100449
100450
100451
100454
100455
100456
100459
100460
100461
100462
100463
100464
100465
100467
100469
100472
100475
100476
100477
100478
100479
100480
100481
100482
100483
100484
100486
100487
100488
100490
100494
100496
100497
100498
100499
100502
100503
100504
100677
100678
100679
100025
100026
100027
100028
100029
100031
100032
100033
100034
100035
100036
100037
100038
100039
100041
100042
100043
100045
100046
100047
100048
100049
100051
100052
100053
100054
100056
100057
100066
100067
100069
100070
100071
100072
100073
100074
100075
100076
100078
100079
100080
100081
100085
100086
100087
100094
100095
100096
100100
100104
100107
100108
100109
100110
100111
100112
100113
100114
100115
100116
100117
100118
100119
100120
100121
100122
100123
100124
100125
100126
100127
100128
100129
100130
100131
100132
100133
100134
100135
100137
100138
100139
100140
100141
100143
100144
100145
100146
100147
100148
100149
100150
100151
100152
100153
100154
100155
100156
100157
100158
100159
100160
100161
100162
100163
100164
100165
100166
100167
100168
100169
100170
100173
100174
100175
100176
100177
100178
100179
100180
100181
100182
100183
100184
100186
100187
100188
100196
100197
100198
100199
100200
100201
100202
100204
100207
100208
100211
100212
100213
100217
100218
100219
100220
100221
100223
100224
100225
100227
100228
100229
100230
100231
100232
100233
100234
100235
100236
100237
100238
100239
100240
100241
100243
100244
100245
100246
100247
100248
100249
100250
100251
100252
100253
100254
100255
100256
100257
100258
100259
100260
100266
100267
100269
100270
100276
100277
100278
100279
100280
100282
100283
100284
100285
100286
100288
100289
100290
100291
100292
100293
100294
100295
100296
100297
100298
100300
100301
100302
100303
100304
100305
100307
100308
100310
100311
100312
100313
100314
100316
100317
100318
100319
100320
100323
100324
100325
100327
100328
100331
100333
100334
100336
100337
100338
